Version 0.9.7
5
 4 10 175 77 128 0 1
 5 80 400 206 81 2 2
 0 207 106 877 276 8 3
 1 293 428 206 81 140 4
 3 799 410 203 58 150 5
 0
29
 4194368 5 71 288 71 288 71 288 71 367 260 367 260 367 0 1 0 3
 4194368 5 273 367 273 367 273 497 273 497 308 497 308 497 0 3 0 4
 255 5 71 189 71 189 71 120 71 120 260 120 260 120 0 1 0 3
 255 5 299 120 299 120 299 439 299 439 308 439 308 439 0 3 0 4
 4194368 5 702 367 702 367 702 447 702 447 810 447 810 447 0 3 0 5
 255 5 455 172 455 172 455 172 455 120 455 120 455 120 0 3 0 3
 4194368 5 533 315 533 315 533 315 533 367 533 367 533 367 0 3 0 3
 4194368 5 429 315 429 315 429 315 429 367 429 367 429 367 0 3 0 3
 255 5 351 172 351 172 351 172 351 120 351 120 351 120 0 3 0 3
 16744448 5 349 439 349 439 349 315 349 315 351 315 351 315 0 4 0 3
 16744448 5 368 439 368 439 368 315 368 315 377 315 377 315 0 4 0 3
 16744448 5 387 439 387 439 387 172 387 172 364 172 364 172 0 4 0 3
 16744448 5 406 439 406 439 406 172 406 172 390 172 390 172 0 4 0 3
 16744448 5 403 211 403 211 468 211 468 211 468 276 468 276 0 3 0 3
 16744448 5 481 276 481 276 481 276 494 276 494 276 494 276 0 3 0 3
 16744448 5 387 452 387 452 387 289 387 289 507 289 507 289 0 4 0 3
 16744448 5 390 276 390 276 390 276 455 276 455 276 455 276 0 3 0 3
 16744448 5 364 302 364 302 364 198 364 198 468 198 468 198 0 3 0 3
 16744448 5 377 185 377 185 377 185 481 185 481 185 481 185 0 3 0 3
 16744448 5 494 211 494 211 494 211 507 211 507 211 507 211 0 3 0 3
 16744448 5 406 452 406 452 406 172 406 172 520 172 520 172 0 4 0 3
 4194368 5 637 315 637 315 637 315 637 367 637 367 637 367 0 3 0 3
 255 5 559 172 559 172 559 172 559 120 559 120 559 120 0 3 0 3
 16744448 5 520 276 520 276 520 276 559 276 559 276 559 276 0 3 0 3
 16744448 5 349 452 349 452 349 289 349 289 572 289 572 289 0 4 0 3
 16744448 5 585 315 585 315 585 454 585 454 845 454 845 454 0 3 0 5
 16744448 5 533 211 533 211 533 211 572 211 572 211 572 211 0 3 0 3
 16744448 5 368 452 368 452 368 198 368 198 585 198 585 198 0 4 0 3
 16744448 5 598 211 598 211 598 454 598 454 865 454 865 454 0 3 0 5
3
 7008 1 14 449 224 5 0 4214488 2009221344 3
 7004 1 14 345 224 5 0 4214488 2009221344 3
 7032 1 14 553 224 5 0 4214488 2009221344 3
