Version 0.9.7
5
 4 10 175 77 128 0 1
 5 80 400 206 81 2 2
 0 230 101 877 276 8 4
 1 425 378 206 81 140 5
 3 640 10 203 58 150 6
 0
35
 4194368 5 71 288 71 288 71 362 71 362 283 362 283 362 0 1 0 4
 255 5 71 189 71 189 71 115 71 115 283 115 283 115 0 1 0 4
 255 5 504 167 504 167 504 167 504 115 504 115 504 115 0 4 0 4
 255 5 309 115 309 115 309 389 309 389 440 389 440 389 0 4 0 5
 4194368 5 296 362 296 362 296 447 296 447 440 447 440 447 0 4 0 5
 4210688 5 582 362 582 362 582 362 582 310 582 310 582 310 0 4 0 4
 16711680 5 530 284 530 284 530 284 543 284 543 284 543 284 0 4 0 4
 16711680 5 530 271 530 271 530 271 530 206 530 206 530 206 0 4 0 4
 16711680 5 517 284 517 284 517 284 517 206 517 206 517 206 0 4 0 4
 16711680 5 504 297 504 297 504 303 556 303 556 297 556 297 0 4 0 4
 16711680 5 543 206 543 206 543 206 556 206 556 206 556 206 0 4 0 4
 16711680 5 569 271 569 271 569 271 569 206 569 206 569 206 0 4 0 4
 4194368 5 651 47 651 47 426 47 426 47 426 362 426 362 0 6 0 4
 8454143 5 500 389 500 389 504 389 504 389 504 310 504 310 0 5 0 4
 8454143 5 517 310 517 310 517 389 517 389 519 389 519 389 0 4 0 5
 255 5 608 167 608 167 608 167 608 115 608 115 608 115 0 4 0 4
 4194368 5 686 310 686 310 686 310 686 362 686 362 686 362 0 4 0 4
 16744448 5 582 206 582 206 582 297 582 297 621 297 621 297 0 4 0 4
 16744448 5 634 271 634 271 634 271 647 271 647 271 647 271 0 4 0 4
 16744448 5 608 284 608 284 608 284 660 284 660 284 660 284 0 4 0 4
 16744448 5 621 271 621 271 621 271 621 206 621 206 621 206 0 4 0 4
 16744448 5 634 297 634 297 634 297 634 206 634 206 634 206 0 4 0 4
 16744448 5 647 206 647 206 647 206 660 206 660 206 660 206 0 4 0 4
 16744448 5 673 271 673 271 673 271 673 193 673 193 673 193 0 4 0 4
 16744448 5 686 167 686 167 686 167 686 54 686 54 686 54 0 4 0 6
 255 5 712 167 712 167 712 167 712 115 712 115 712 115 0 4 0 4
 4194368 5 790 310 790 310 790 310 790 362 790 362 790 362 0 4 0 4
 65535 5 481 402 490 402 490 321 712 321 712 310 712 310 0 5 0 4
 16711680 5 712 297 712 297 712 297 725 297 725 297 725 297 0 4 0 4
 16711680 5 738 271 738 271 738 271 738 206 738 206 738 206 0 4 0 4
 16711680 5 582 193 582 193 582 186 725 186 725 193 725 193 0 4 0 4
 65535 5 481 389 481 389 481 310 481 310 608 310 608 310 0 5 0 4
 16711680 5 751 206 751 206 751 206 764 206 764 206 764 206 0 4 0 4
 16711680 5 777 193 777 193 777 297 777 297 530 297 530 297 0 4 0 4
 16711680 5 790 167 790 167 790 78 706 78 706 54 706 54 0 4 0 6
3
 7000 1 14 498 219 5 0 4214488 2009221344 4
 7000 1 14 602 219 5 0 4214488 2009221344 4
 7000 1 14 706 219 5 0 4214488 2009221344 4
