Version 0.9.7
5
 4 10 175 77 128 0 1
 5 80 400 206 81 2 2
 0 106 95 877 276 140 4
 1 179 455 206 81 272 5
 3 687 488 203 58 282 6
 0
32
 1052688 5 71 288 71 288 71 356 71 356 159 356 159 356 0 1 0 4
 1052688 5 172 356 172 356 172 524 172 524 194 524 194 524 0 4 0 5
 1052688 5 627 356 627 356 627 525 627 525 698 525 698 525 0 4 0 6
 1052688 5 302 265 302 265 302 265 302 356 302 356 302 356 0 4 0 4
 8454143 5 224 304 224 304 224 466 224 466 235 466 235 466 0 4 0 5
 1052688 5 432 356 432 356 432 356 432 265 432 265 432 265 0 4 0 4
 1511935 5 354 200 354 200 354 200 354 109 354 109 354 109 0 4 0 4
 1511935 5 224 109 224 109 224 109 224 109 224 200 224 200 0 4 0 4
 1511935 5 185 109 185 109 185 466 185 466 194 466 194 466 0 4 0 5
 1511935 5 159 109 159 109 71 109 71 109 71 189 71 189 0 4 0 1
 8454143 5 237 265 237 265 237 271 354 271 354 265 354 265 0 4 0 4
 8454143 5 254 466 254 466 254 407 367 407 367 304 367 304 0 5 0 4
 1511935 5 484 200 484 200 484 200 484 109 484 109 484 109 0 4 0 4
 1052688 5 562 265 562 265 562 265 562 356 562 356 562 356 0 4 0 4
 8454143 5 380 265 380 265 380 270 484 270 484 265 484 265 0 4 0 4
 8454143 5 419 278 419 278 419 283 497 283 497 278 497 278 0 4 0 4
 8454143 5 367 291 367 291 367 294 393 294 393 291 393 291 0 4 0 4
 8454143 5 510 291 510 291 510 296 406 296 406 291 406 291 0 4 0 4
 8454143 5 510 265 510 265 517 265 517 532 733 532 733 532 0 4 0 6
 8454143 5 523 200 523 200 523 193 743 193 743 532 753 532 0 4 0 6
 8454143 5 367 278 367 278 362 278 362 154 497 154 497 161 0 4 0 4
 8454143 5 224 291 219 291 219 166 367 166 367 174 367 174 0 4 0 4
 8454143 5 523 187 523 187 523 180 380 180 380 187 380 187 0 4 0 4
 8454143 5 393 200 393 200 393 192 510 192 510 200 510 200 0 4 0 4
 1052688 5 692 356 692 356 692 356 692 265 692 265 692 265 0 4 0 4
 1511935 5 614 200 614 200 614 200 614 109 614 109 614 109 0 4 0 4
 8454143 5 510 304 510 304 510 311 250 311 250 304 250 304 0 4 0 4
 8454143 5 263 265 263 265 263 259 614 259 614 265 614 265 0 4 0 4
 8454143 5 235 479 242 479 242 425 621 425 621 278 627 278 0 5 0 4
 8454143 5 640 265 640 265 640 265 653 265 653 265 653 265 0 4 0 4
 8454143 5 523 174 523 174 523 168 660 168 660 265 666 265 0 4 0 4
 8454143 5 679 304 679 304 679 425 764 425 764 532 773 532 0 4 0 6
4
 7004 1 14 218 213 5 0 8583336 22223328 4
 7008 1 14 348 213 5 0 8583336 22223328 4
 7032 1 14 478 213 5 0 8583336 22223328 4
 7008 1 14 608 213 5 0 8583336 22223328 4
