Version 0.9.7
5
 4 10 175 77 128 0 1
 5 80 400 206 81 2 2
 0 230 101 877 276 140 4
 1 442 417 206 81 278 5
 3 535 19 203 58 294 6
 0
16
 4194368 5 71 288 71 288 71 362 71 362 283 362 283 362 0 1 0 4
 255 5 71 189 71 189 71 115 71 115 283 115 283 115 0 1 0 4
 255 5 504 167 504 167 504 167 504 115 504 115 504 115 0 4 0 4
 255 5 309 115 309 115 309 428 309 428 457 428 457 428 0 4 0 5
 4194368 5 296 362 296 362 296 486 296 486 457 486 457 486 0 4 0 5
 4210688 5 582 362 582 362 582 362 582 310 582 310 582 310 0 4 0 4
 65535 5 517 428 517 428 517 428 517 310 517 310 517 310 0 5 0 4
 65535 5 504 310 504 310 504 428 504 428 498 428 498 428 0 4 0 5
 16711680 5 530 284 530 284 530 284 543 284 543 284 543 284 0 4 0 4
 16711680 5 530 271 530 271 530 271 530 206 530 206 530 206 0 4 0 4
 16711680 5 517 284 517 284 517 284 517 206 517 206 517 206 0 4 0 4
 16711680 5 504 297 504 297 504 297 556 297 556 297 556 297 0 4 0 4
 16711680 5 543 206 543 206 543 206 556 206 556 206 556 206 0 4 0 4
 16711680 5 569 271 569 271 569 271 569 206 569 206 569 206 0 4 0 4
 16711680 5 582 206 582 206 582 63 582 63 581 63 581 63 0 4 0 6
 4194368 5 546 56 546 56 426 56 426 56 426 362 426 362 0 6 0 4
1
 7000 1 14 498 219 5 0 4214488 2009221344 4
